1. 1.42816
2. 0.0896808
3. 0.0401646
4. 0.027951
5. 0.0157016
6. 0.00941206
7. 0.00560964
8. 0.00317558
9. 0.00191925
10. 0.00108451
11. 0.000644737
12. 0.000372509
13. 0.000216207
14. 0.00012727
15. 7.2995e-05
16. 4.31121e-05
17. 2.47923e-05
18. 1.45336e-05
19. 8.45251e-06
20. 4.94406e-06
21. 2.93303e-06
22. 1.43803e-06
23. 3.91615e-07
24. 1.23123e-07
25. 6.62389e-08
26. 4.98438e-08
27. 3.93568e-08
28. 1.27318e-08
29. 5.98802e-09
30. 2.65463e-09
31. 1.67353e-09
32. 9.3499e-10
33. 6.1056e-10
34. 2.74747e-10
35. 1.37407e-10
36. 6.36591e-11
37. 3.7819e-11
38. 2.29004e-11
39. 1.12395e-11
40. 4.13386e-12
41. 1.25312e-12
42. 1.05327e-12
43. 4.87209e-13
44. 5.56697e-14
45. 8.94713e-15
46. 1.2399e-15
47. 2.43276e-16
48. 4.17477e-17
49. 9.79644e-18
50. 1.13712e-18
51. 2.09955e-19
52. 0
53. 0
54. 0
55. 0
56. 0
57. 0
58. 0
59. 0
60. 0
61. 0
62. 0
63. 0
64. 0
65. 0
66. 0
67. 0
68. 0
69. 0
70. 0
71. 0
72. 0
73. 0
74. 0
75. 0
76. 0
77. 0
78. 0
79. 0
80. 0
81. 0
82. 0
83. 0
84. 0
85. 0
86. 0
87. 0
88. 0
89. 0
90. 0
91. 0
92. 0
93. 0
94. 0
95. 0
96. 0
97. 0
98. 0
99. 0
100. 0
