1. 16.9239
2. 5.59686
3. 1.84255
4. 0.606588
5. 0.200173
6. 0.0669948
7. 0.0235511
8. 0.0096592
9. 0.00512959
10. 0.00331718
11. 0.00231855
12. 0.00166421
13. 0.00120828
14. 0.000883586
15. 0.000649644
16. 0.000479763
17. 0.000355626
18. 0.000264449
19. 0.000197191
20. 0.000147392
21. 0.000110403
22. 8.28515e-05
23. 6.22801e-05
24. 4.6887e-05
25. 3.53465e-05
26. 2.66796e-05
27. 2.01605e-05
28. 1.52502e-05
29. 1.15468e-05
30. 8.75047e-06
31. 6.63675e-06
32. 5.03743e-06
33. 3.82621e-06
34. 2.90814e-06
35. 2.21171e-06
36. 1.68304e-06
37. 1.28142e-06
38. 9.76143e-07
39. 7.43946e-07
40. 5.67238e-07
41. 4.32686e-07
42. 3.30183e-07
43. 2.52057e-07
44. 1.92486e-07
45. 1.47043e-07
46. 1.12364e-07
47. 8.58901e-08
48. 6.56721e-08
49. 5.02269e-08
50. 3.8424e-08
51. 2.94018e-08
52. 2.25032e-08
53. 1.72271e-08
54. 1.31907e-08
55. 1.01021e-08
56. 7.7381e-09
57. 5.92839e-09
58. 4.5427e-09
59. 3.48147e-09
60. 2.66857e-09
61. 2.04579e-09
62. 1.56858e-09
63. 1.20285e-09
64. 9.22518e-10
65. 7.07609e-10
66. 5.42831e-10
67. 4.16474e-10
68. 3.19565e-10
69. 2.45233e-10
70. 1.8821e-10
71. 1.44461e-10
72. 1.10892e-10
73. 8.5131e-11
74. 6.53605e-11
75. 5.01857e-11
76. 3.85371e-11
77. 2.95946e-11
78. 2.27288e-11
79. 1.7457e-11
80. 1.34088e-11
81. 1.02999e-11
82. 7.91216e-12
83. 6.07818e-12
84. 4.66943e-12
85. 3.58726e-12
86. 2.75591e-12
87. 2.11722e-12
88. 1.62653e-12
89. 1.24954e-12
90. 9.59899e-13
91. 7.37373e-13
92. 5.66413e-13
93. 4.35072e-13
94. 3.34173e-13
95. 2.56662e-13
96. 1.97122e-13
97. 1.51388e-13
98. 1.1626e-13
99. 8.92801e-14
100. 6.85588e-14
