-1      0.166667
-0.99      -3.51497
-0.98      -0.883208
-0.97      0.132659
-0.96      0.260362
-0.95      0.214928
-0.94      0.187622
-0.93      0.184751
-0.92      0.189471
-0.91      0.19429
-0.9      0.198177
-0.89      0.201704
-0.88      0.205277
-0.87      0.208998
-0.86      0.212847
-0.85      0.2168
-0.84      0.220849
-0.83      0.224998
-0.82      0.229253
-0.81      0.233618
-0.8      0.238095
-0.79      0.242689
-0.78      0.247402
-0.77      0.252239
-0.76      0.257202
-0.75      0.262295
-0.74      0.267523
-0.73      0.272889
-0.72      0.278396
-0.71      0.284051
-0.7      0.289855
-0.69      0.295814
-0.68      0.301932
-0.67      0.308214
-0.66      0.314663
-0.65      0.321285
-0.64      0.328084
-0.63      0.335064
-0.62      0.342231
-0.61      0.349589
-0.6      0.357143
-0.59      0.364897
-0.58      0.372856
-0.57      0.381025
-0.56      0.389408
-0.55      0.39801
-0.54      0.406835
-0.53      0.415887
-0.52      0.42517
-0.51      0.434688
-0.5      0.444444
-0.49      0.454442
-0.48      0.464684
-0.47      0.475172
-0.46      0.485909
-0.45      0.496894
-0.44      0.50813
-0.43      0.519615
-0.42      0.53135
-0.41      0.543331
-0.4      0.555556
-0.39      0.56802
-0.38      0.58072
-0.37      0.593648
-0.36      0.606796
-0.35      0.620155
-0.34      0.633714
-0.33      0.647459
-0.32      0.661376
-0.31      0.675447
-0.3      0.689655
-0.29      0.703977
-0.28      0.718391
-0.27      0.732869
-0.26      0.747384
-0.25      0.761905
-0.24      0.776398
-0.23      0.790826
-0.22      0.805153
-0.21      0.819336
-0.2      0.833333
-0.19      0.847099
-0.18      0.860585
-0.17      0.873744
-0.16      0.886525
-0.15      0.898876
-0.14      0.910747
-0.13      0.922084
-0.12      0.932836
-0.11      0.942951
-0.1      0.952381
-0.09      0.961076
-0.08      0.968992
-0.07      0.976086
-0.06      0.982318
-0.05      0.987654
-0.04      0.992063
-0.03      0.99552
-0.02      0.998004
-0.01      0.9995
2.08167e-17      1
0.01      0.9995
0.02      0.998004
0.03      0.99552
0.04      0.992063
0.05      0.987654
0.06      0.982318
0.07      0.976086
0.08      0.968992
0.09      0.961076
0.1      0.952381
0.11      0.942951
0.12      0.932836
0.13      0.922084
0.14      0.910747
0.15      0.898876
0.16      0.886525
0.17      0.873744
0.18      0.860585
0.19      0.847099
0.2      0.833333
0.21      0.819336
0.22      0.805153
0.23      0.790826
0.24      0.776398
0.25      0.761905
0.26      0.747384
0.27      0.732869
0.28      0.718391
0.29      0.703977
0.3      0.689655
0.31      0.675447
0.32      0.661376
0.33      0.647459
0.34      0.633714
0.35      0.620155
0.36      0.606796
0.37      0.593648
0.38      0.58072
0.39      0.56802
0.4      0.555556
0.41      0.543331
0.42      0.53135
0.43      0.519615
0.44      0.50813
0.45      0.496894
0.46      0.485909
0.47      0.475172
0.48      0.464684
0.49      0.454442
0.5      0.444444
0.51      0.434688
0.52      0.42517
0.53      0.415887
0.54      0.406835
0.55      0.39801
0.56      0.389408
0.57      0.381025
0.58      0.372856
0.59      0.364897
0.6      0.357143
0.61      0.349589
0.62      0.342231
0.63      0.335064
0.64      0.328084
0.65      0.321285
0.66      0.314663
0.67      0.308214
0.68      0.301932
0.69      0.295814
0.7      0.289855
0.71      0.284051
0.72      0.278396
0.73      0.272889
0.74      0.267523
0.75      0.262295
0.76      0.257202
0.77      0.252239
0.78      0.247402
0.79      0.242689
0.8      0.238095
0.81      0.233618
0.82      0.229253
0.83      0.224998
0.84      0.220849
0.85      0.2168
0.86      0.212847
0.87      0.208998
0.88      0.205277
0.89      0.201704
0.9      0.198177
0.91      0.19429
0.92      0.189472
0.93      0.184749
0.94      0.187626
0.95      0.214945
0.96      0.26036
0.97      0.132669
0.98      -0.884086
0.99      -3.51852
